{
    "Naive Bayes": {
        "y_test": [
            3,
            0,
            1,
            0,
            1,
            2,
            1,
            2,
            2,
            2,
            0,
            0,
            2,
            1,
            1,
            1,
            1,
            0,
            1,
            1,
            3
        ],
        "y_pred": [
            2,
            0,
            0,
            0,
            0,
            2,
            1,
            1,
            1,
            2,
            1,
            0,
            2,
            0,
            0,
            0,
            3,
            0,
            1,
            0,
            2
        ],
        "y_proba": [
            [
                0.15686834781844372,
                0.3116939025259911,
                0.3496037915013642,
                0.181833958154201
            ],
            [
                0.4978844926124337,
                0.22651174735165203,
                0.2755469508681265,
                5.68091677868017e-05
            ],
            [
                0.37431695260628256,
                0.37411169552286977,
                0.1976830711152251,
                0.05388828075562264
            ],
            [
                0.5066391879870296,
                0.3668546704268844,
                0.11163803221199402,
                0.014868109374093288
            ],
            [
                0.5205302224115954,
                0.3019726090619734,
                0.11865660318601194,
                0.05884056534041765
            ],
            [
                0.24133899938815245,
                0.14838359783871927,
                0.6085142906169737,
                0.0017631121561554571
            ],
            [
                0.4058843655914734,
                0.4066130062024469,
                0.16663932211140173,
                0.020863306094679356
            ],
            [
                0.28099760528331197,
                0.2944313186252188,
                0.2352041440314899,
                0.18936693205997795
            ],
            [
                0.179865400182658,
                0.37942097543380726,
                0.35537599365847505,
                0.08533763072506077
            ],
            [
                0.12440219841556709,
                0.2427394516990574,
                0.4532772244581392,
                0.17958112542723506
            ],
            [
                0.27015486346208933,
                0.47753626106327135,
                0.20506408144644564,
                0.04724479402819371
            ],
            [
                0.512763702484986,
                0.2850682448080264,
                0.20213262672752105,
                3.5425979465262443e-05
            ],
            [
                0.35282959832325383,
                0.22847753812342042,
                0.41819075055516464,
                0.000502112998161776
            ],
            [
                0.34412100796970857,
                0.3277626835048009,
                0.1896965236702385,
                0.13841978485525028
            ],
            [
                0.4265837971301,
                0.28635751567639994,
                0.28697317870257194,
                8.550849092719245e-05
            ],
            [
                0.29818879276631277,
                0.2823190623232014,
                0.18224571854751073,
                0.2372464263629768
            ],
            [
                0.047920365269822976,
                0.10539079123762024,
                0.348751013952398,
                0.4979378295401599
            ],
            [
                0.48171928716773776,
                0.39153778937090034,
                0.1146830441545175,
                0.012059879306842764
            ],
            [
                0.21686205416526594,
                0.4472166983433923,
                0.2841298683511517,
                0.051791379140189664
            ],
            [
                0.6159393007594928,
                0.1830503326458644,
                0.20082270327739024,
                0.00018766331725435128
            ],
            [
                0.16704184582334616,
                0.3478662412986599,
                0.3495774763376153,
                0.13551443654037965
            ]
        ]
    },
    "Logistic Regression": {
        "y_test": [
            3,
            0,
            1,
            0,
            1,
            2,
            1,
            2,
            2,
            2,
            0,
            0,
            2,
            1,
            1,
            1,
            1,
            0,
            1,
            1,
            3
        ],
        "y_pred": [
            3,
            0,
            1,
            0,
            1,
            2,
            0,
            1,
            2,
            2,
            0,
            0,
            2,
            2,
            0,
            1,
            1,
            0,
            1,
            0,
            1
        ],
        "y_proba": [
            [
                1.3803063413994382e-18,
                0.02483660702170035,
                0.0051542952742644615,
                0.9700090977040352
            ],
            [
                0.9440267637233878,
                0.049891602914665024,
                0.006081633361947266,
                1.4542519319768887e-20
            ],
            [
                0.1988045021672017,
                0.75973505587949,
                0.04146044177660412,
                1.767043012908715e-10
            ],
            [
                0.5054482454151397,
                0.49455175458485867,
                1.535100534890153e-15,
                4.990853670149066e-20
            ],
            [
                0.13811288359061868,
                0.8618870968614921,
                1.0204871454372213e-08,
                9.343017835809402e-09
            ],
            [
                6.884995078406497e-08,
                0.0003222588071572243,
                0.9992084369208022,
                0.0004692354220898196
            ],
            [
                0.5894218539393922,
                0.4105761997695423,
                1.946291062730785e-06,
                2.9256400269919084e-15
            ],
            [
                3.951881510487786e-11,
                0.9996595976386982,
                9.411399186341815e-10,
                0.0003404013806430067
            ],
            [
                1.7529519190246927e-10,
                0.4665717076376685,
                0.5334277312543269,
                5.609327093823398e-07
            ],
            [
                7.211957638079455e-13,
                0.04555591269767302,
                0.9502857533729067,
                0.004158333928699151
            ],
            [
                0.8366935384255907,
                0.1633064615743924,
                1.6919881842185834e-14,
                9.581170801471651e-20
            ],
            [
                0.694615422315518,
                0.30506592214068773,
                0.00031865554379435513,
                2.45808931390445e-18
            ],
            [
                1.2408599654617212e-12,
                0.0036736074556453645,
                0.7330378153441147,
                0.26328857719899906
            ],
            [
                4.984255098964107e-10,
                0.2875561727886021,
                0.5605288395484357,
                0.1519149871645367
            ],
            [
                0.7698069828843578,
                0.09751461112802129,
                0.13267840598761824,
                2.5621044866506275e-15
            ],
            [
                0.00017048243545099008,
                0.9998150679008727,
                2.2615538072498876e-09,
                1.4447402122452816e-05
            ],
            [
                1.3730295408516126e-05,
                0.9756829649902664,
                0.024302291629111985,
                1.0130852130913482e-06
            ],
            [
                0.5089784032779949,
                0.4910215967219848,
                2.038136713187235e-14,
                1.1758185943279624e-21
            ],
            [
                7.349856185204095e-13,
                0.9838691380085364,
                0.016130640961632758,
                2.210290958187697e-07
            ],
            [
                0.9839787753176124,
                0.0007531085659450008,
                0.015268116105892392,
                1.0550021538215451e-11
            ],
            [
                5.753923328686593e-14,
                0.9624009743613743,
                0.03698750493355221,
                0.0006115207050159356
            ]
        ]
    },
    "SVM": {
        "y_test": [
            3,
            0,
            1,
            0,
            1,
            2,
            1,
            2,
            2,
            2,
            0,
            0,
            2,
            1,
            1,
            1,
            1,
            0,
            1,
            1,
            3
        ],
        "y_pred": [
            3,
            0,
            1,
            0,
            1,
            2,
            0,
            2,
            2,
            2,
            0,
            0,
            2,
            2,
            0,
            1,
            2,
            0,
            1,
            0,
            2
        ],
        "y_proba": [
            [
                0.015801501797378895,
                0.0780213934000995,
                0.20626312109864364,
                0.6999139837038781
            ],
            [
                0.9841329454595041,
                0.01503412638253281,
                0.0006065594128233512,
                0.00022636874513951873
            ],
            [
                0.3072899128832406,
                0.6000482420963128,
                0.07077219454942499,
                0.021889650471021527
            ],
            [
                0.8046047028336718,
                0.18210842611905506,
                0.0070675804897893406,
                0.006219290557483411
            ],
            [
                0.2238316912545642,
                0.7463494219949949,
                0.01484790722067692,
                0.014970979529764098
            ],
            [
                0.045529536677393484,
                0.008883631159778818,
                0.9295195199934503,
                0.016067312169377394
            ],
            [
                0.5138282630018235,
                0.44451615627353247,
                0.037469701356536635,
                0.004185879368107267
            ],
            [
                0.010698209934680956,
                0.10954009893518113,
                0.5880739922647463,
                0.2916876988653913
            ],
            [
                0.012721848610590092,
                0.11331087620834712,
                0.8651559646943664,
                0.008811310486696044
            ],
            [
                0.0028047784214876048,
                0.014792953474075641,
                0.9777508255295275,
                0.004651442574909381
            ],
            [
                0.9428303339883163,
                0.05529543126783495,
                0.0016548388591747106,
                0.000219395884674384
            ],
            [
                0.9679040590480461,
                0.0309769699428542,
                0.0007684198623883172,
                0.0003505511467114731
            ],
            [
                0.018813093986350532,
                0.05860896546807675,
                0.8139657166866974,
                0.10861222385887545
            ],
            [
                0.022034328016766254,
                0.42486024048466475,
                0.49842854449306234,
                0.05467688700550667
            ],
            [
                0.8407287703172182,
                0.15071331154993392,
                0.006627965049192907,
                0.001929953083654786
            ],
            [
                0.1372857389816343,
                0.431773950420593,
                0.16538468234165624,
                0.2655556282561165
            ],
            [
                0.04176529408667702,
                0.0841836801911469,
                0.8516683000404162,
                0.022382725681760227
            ],
            [
                0.9947274266171658,
                0.003870273917146808,
                0.0005215846107815763,
                0.00088071485490571
            ],
            [
                0.005349775349687006,
                0.7837239194742606,
                0.20561167933699465,
                0.005314625839057824
            ],
            [
                0.8268309571383269,
                0.1293482855265311,
                0.025283685844036487,
                0.01853707149110567
            ],
            [
                0.005472430924763165,
                0.03386714001970413,
                0.9047761639475101,
                0.05588426510802204
            ]
        ]
    },
    "Random Forest": {
        "y_test": [
            3,
            0,
            1,
            0,
            1,
            2,
            1,
            2,
            2,
            2,
            0,
            0,
            2,
            1,
            1,
            1,
            1,
            0,
            1,
            1,
            3
        ],
        "y_pred": [
            2,
            0,
            1,
            1,
            1,
            2,
            0,
            2,
            2,
            2,
            0,
            0,
            2,
            1,
            1,
            1,
            2,
            0,
            1,
            1,
            2
        ],
        "y_proba": [
            [
                0.0,
                0.035,
                0.53,
                0.435
            ],
            [
                0.725,
                0.255,
                0.02,
                0.0
            ],
            [
                0.075,
                0.7,
                0.2,
                0.025
            ],
            [
                0.34,
                0.57,
                0.055,
                0.035
            ],
            [
                0.295,
                0.64,
                0.04,
                0.025
            ],
            [
                0.07,
                0.145,
                0.7,
                0.085
            ],
            [
                0.64,
                0.34,
                0.02,
                0.0
            ],
            [
                0.09,
                0.255,
                0.545,
                0.11
            ],
            [
                0.015,
                0.085,
                0.835,
                0.065
            ],
            [
                0.01,
                0.16,
                0.735,
                0.095
            ],
            [
                0.86,
                0.125,
                0.015,
                0.0
            ],
            [
                0.855,
                0.14,
                0.005,
                0.0
            ],
            [
                0.0,
                0.035,
                0.765,
                0.2
            ],
            [
                0.04,
                0.59,
                0.14,
                0.23
            ],
            [
                0.28,
                0.66,
                0.06,
                0.0
            ],
            [
                0.17,
                0.495,
                0.24,
                0.095
            ],
            [
                0.115,
                0.335,
                0.49,
                0.06
            ],
            [
                0.855,
                0.14,
                0.005,
                0.0
            ],
            [
                0.085,
                0.77,
                0.14,
                0.005
            ],
            [
                0.31,
                0.525,
                0.15,
                0.015
            ],
            [
                0.01,
                0.035,
                0.635,
                0.32
            ]
        ]
    },
    "XGBoost": {
        "y_test": [
            3,
            0,
            1,
            0,
            1,
            2,
            1,
            2,
            2,
            2,
            0,
            0,
            2,
            1,
            1,
            1,
            1,
            0,
            1,
            1,
            3
        ],
        "y_pred": [
            2,
            0,
            1,
            1,
            1,
            2,
            1,
            2,
            2,
            2,
            0,
            0,
            2,
            1,
            1,
            1,
            1,
            0,
            1,
            1,
            3
        ],
        "y_proba": [
            [
                0.16120237112045288,
                0.18196158111095428,
                0.3332691490650177,
                0.32356691360473633
            ],
            [
                0.7928837537765503,
                0.08808739483356476,
                0.06023560091853142,
                0.05879325419664383
            ],
            [
                0.10388877987861633,
                0.6460601687431335,
                0.147624671459198,
                0.10242636501789093
            ],
            [
                0.2375452071428299,
                0.5847383737564087,
                0.09260721504688263,
                0.08510921895503998
            ],
            [
                0.11027362942695618,
                0.750931441783905,
                0.07008788734674454,
                0.06870706379413605
            ],
            [
                0.09045885503292084,
                0.058018673211336136,
                0.8022576570510864,
                0.04926488175988197
            ],
            [
                0.3833824098110199,
                0.5328582525253296,
                0.042296312749385834,
                0.04146302118897438
            ],
            [
                0.14309245347976685,
                0.0861574038863182,
                0.7057384848594666,
                0.0650116428732872
            ],
            [
                0.05373285710811615,
                0.0626867488026619,
                0.8332353830337524,
                0.0503450445830822
            ],
            [
                0.08679459244012833,
                0.12152542173862457,
                0.6575311422348022,
                0.13414888083934784
            ],
            [
                0.8329548239707947,
                0.06208367645740509,
                0.05355504900217056,
                0.05140642076730728
            ],
            [
                0.8152378797531128,
                0.06956709176301956,
                0.05817054212093353,
                0.057024504989385605
            ],
            [
                0.06244991719722748,
                0.06853669136762619,
                0.738088071346283,
                0.13092531263828278
            ],
            [
                0.06302884966135025,
                0.7465969324111938,
                0.06539379060268402,
                0.1249803826212883
            ],
            [
                0.20023542642593384,
                0.6225589513778687,
                0.0894843265414238,
                0.08772135525941849
            ],
            [
                0.11729365587234497,
                0.7259775400161743,
                0.09168802201747894,
                0.06504077464342117
            ],
            [
                0.19019077718257904,
                0.5473780632019043,
                0.15529468655586243,
                0.10713644325733185
            ],
            [
                0.8333543539047241,
                0.06274989247322083,
                0.052464719861745834,
                0.0514310747385025
            ],
            [
                0.05795789510011673,
                0.8027346134185791,
                0.08276298642158508,
                0.05654453858733177
            ],
            [
                0.1443880796432495,
                0.6182205677032471,
                0.13978546857833862,
                0.09760589152574539
            ],
            [
                0.08196453005075455,
                0.08838166296482086,
                0.14383283257484436,
                0.6858209371566772
            ]
        ]
    },
    "ANN": {
        "y_test": [
            3,
            0,
            1,
            0,
            1,
            2,
            1,
            2,
            2,
            2,
            0,
            0,
            2,
            1,
            1,
            1,
            1,
            0,
            1,
            1,
            3
        ],
        "y_pred": [
            1,
            0,
            1,
            1,
            1,
            2,
            1,
            2,
            1,
            2,
            0,
            0,
            2,
            1,
            0,
            1,
            2,
            0,
            1,
            1,
            1
        ],
        "y_proba": [
            [
                0.13433191180229187,
                0.42679575085639954,
                0.2961214482784271,
                0.14275087416172028
            ],
            [
                0.6433706879615784,
                0.1642865389585495,
                0.15201087296009064,
                0.04033198207616806
            ],
            [
                0.24273967742919922,
                0.4483005106449127,
                0.19805264472961426,
                0.11090715229511261
            ],
            [
                0.24738946557044983,
                0.4194721281528473,
                0.23618043959140778,
                0.0969579666852951
            ],
            [
                0.32798320055007935,
                0.3788571059703827,
                0.1661088913679123,
                0.12705080211162567
            ],
            [
                0.17865049839019775,
                0.22764107584953308,
                0.48492953181266785,
                0.10877896845340729
            ],
            [
                0.3594297170639038,
                0.40324491262435913,
                0.14376415312290192,
                0.09356126934289932
            ],
            [
                0.13361205160617828,
                0.3109952509403229,
                0.42405766248703003,
                0.13133516907691956
            ],
            [
                0.15905548632144928,
                0.544281542301178,
                0.18562348186969757,
                0.11103947460651398
            ],
            [
                0.14155998826026917,
                0.329900324344635,
                0.416228711605072,
                0.11231108754873276
            ],
            [
                0.49800997972488403,
                0.29809078574180603,
                0.13206923007965088,
                0.07182998210191727
            ],
            [
                0.470060259103775,
                0.2702452540397644,
                0.18160365521907806,
                0.0780908539891243
            ],
            [
                0.17165935039520264,
                0.28720739483833313,
                0.40021562576293945,
                0.14091762900352478
            ],
            [
                0.1825055181980133,
                0.44611892104148865,
                0.2274206578731537,
                0.14395491778850555
            ],
            [
                0.33928483724594116,
                0.33762940764427185,
                0.2331782877445221,
                0.08990732580423355
            ],
            [
                0.1762675940990448,
                0.38298746943473816,
                0.2969346344470978,
                0.14381030201911926
            ],
            [
                0.17874905467033386,
                0.24174700677394867,
                0.4542849659919739,
                0.1252189725637436
            ],
            [
                0.4080132246017456,
                0.3862784504890442,
                0.13108813762664795,
                0.07462027668952942
            ],
            [
                0.16192525625228882,
                0.5656293034553528,
                0.16291531920433044,
                0.10953012853860855
            ],
            [
                0.26818332076072693,
                0.31654056906700134,
                0.28527578711509705,
                0.1300002634525299
            ],
            [
                0.15389512479305267,
                0.44966772198677063,
                0.27273204922676086,
                0.12370511144399643
            ]
        ]
    }
}